00000000
00000000
00000000
00000000
00000000
00000000
00000000
00000000
00000000
00000000
00000000
00000000
00000000
00000000
00000000
00000000
00000000
00000000
00000000
00000000
00000000
00000000
00000000
00000000
00101011
00101101
00001100
00000000
00000000
00000000
00000000
00000000
00000000
00000000
00000000
00000000
00000000
00000000
00111000
10111011
11110100
11011001
11011001
01100100
00000000
00000000
00000000
00000000
00000000
00000000
00000000
00000000
00000000
01001110
11101010
11000001
01100101
00011000
10011101
11001101
00001010
00000000
00000000
00000000
00000000
00000000
00000000
00000000
00001111
11011001
11011100
00001010
00000000
00000000
01000000
11111100
01100000
00000000
00000000
00000000
00000000
00000000
00000000
00000001
01111111
11111111
01111110
00000000
00000000
00000000
01000111
11111111
01110001
00000000
00000000
00000000
00000000
00000000
00000000
00000101
10111000
11111111
01010001
00000000
00000000
00000000
10101010
11111010
00111111
00000000
00000000
00000000
00000000
00000000
00000000
00000000
10001000
11111111
01101110
00000000
00000000
01100101
11111111
11000000
00000111
00000000
00000000
00000000
00000000
00000000
00000000
00000000
01011111
11111101
11000100
00100001
10010011
11111011
10110010
00101011
00000000
00000000
00000000
00000000
00000000
00000000
00000000
00000000
00000101
10100100
11111111
11100100
10110100
01001111
00000010
00000000
00000000
00000000
00000000
00000000
00000000
00000000
00000000
00000000
00000000
00000100
00111101
00111001
00000000
00000000
00000000
00000000
00000000
00000000
00000000
00000000
00000000
00000000
00000000
00000000
00000000
00000000
00000000
00000000
00000000
00000000
00000000
00000000
00000000
00000000
00000000
00000000
